6,13,42,69,420,1234567890,473129,Rh (IW avg log)
73.02316435973553,98.32462329812351,88.54073858019254,104.48358731337885,168.85630929252372,79.76470489637734,72.76229145179906,35.9
35.16549088398635,30.49235144862657,61.13650709170868,41.895287452123,41.84213843812717,30.268707025913574,29.609312369817264,19.8
10.759080065761507,50.06890475631408,115.76060813529887,20.228493170785633,12.361315101107849,44.247422786138294,30.21068190553244,33.7
137.15544436300806,85.47340016535568,173.70723922279416,84.84508642643031,371.03298911545266,92.27183965203415,106.57512081179925,56.73192164715599
80.89104227622002,69.70087771041021,95.25317419003446,75.10243793559813,40.19908704772241,103.40624989134487,127.82120450104398,136.04556197947434
184.67356547133753,183.34934880474125,184.37304206463534,123.08299382759951,195.2157421127056,146.92076419890893,190.60461536404003,161.77371302784746
184.04936193997852,136.71962065767113,153.92242115376266,177.9578742369027,122.80882239873787,158.18164005243975,196.81666908397176,275.1918767567859
438.45424607784133,576.2388926785244,264.9117571398638,413.364069108579,407.28501781612033,376.67398278417244,489.258034359841,713.8296457990723
434.17951208899274,438.28602157588927,248.921146237289,310.4607223827623,396.635297511033,284.08648038933705,450.9952603113217,875.6708051029119
479.2682677361567,597.2621833041943,326.6541807461571,402.0973853011371,568.9765407138555,408.69225762908525,508.18884380534786,838.0
501.2193043779473,770.3900254364584,264.9117571398638,441.1880300437574,559.5952538352857,458.35478282805326,603.1242761865893,822.4094480163353
438.52254768998125,486.88972199532776,226.33569501532313,290.46573976816717,385.38636135641684,416.28311079186466,391.9507522027014,781.0
363.67672486384146,392.18567599640045,249.52549730745892,302.7058207477245,397.7216023390338,345.358137103482,380.0743707562633,736.3601017492493
351.223850306607,376.3781528812957,228.26861194688462,235.14678002771598,260.8061549241243,172.08817809219283,338.3084133613179,825.8644489137497
314.4370873671803,343.89764828093763,249.52549730745892,235.14678002771598,260.8061549241243,172.08817809219283,337.0025418288815,382.0
293.49934425264036,322.1697247291188,224.78759794797836,264.690140178093,326.9739627925331,172.08817809219283,238.69955210811625,438.5551847586184
210.2206193370446,474.71925951576065,211.01411740132139,220.36704781696557,178.96480778096534,228.98168991862912,139.34495474548916,255.0
257.0385118448398,268.760463901162,211.01411740132139,237.8184136091765,202.32849386518797,308.2245854915854,232.91534979771384,208.10483892415004
180.14005153707285,185.46480840804125,153.92242115376266,177.9578742369027,122.80882239873787,158.18164005243975,200.8850329630173,226.0
240.62212638186216,269.0233658509176,153.92242115376266,473.13469675281385,249.62049990208826,200.69336207423407,201.93763216806514,224.0
203.48057529357996,287.1816331262114,207.14455651939954,266.58158633104466,388.2889514148495,274.7881194616554,310.8548722232669,216.0
156.07386345765272,180.58993986091554,165.62075577929716,125.04876318656216,195.5858762426033,165.24382825993945,181.62484423389935,211.0
177.76655494194068,190.28383836518177,171.679386778331,162.84367118606866,162.11538551248475,147.37020336270706,176.55201630378653,191.0
153.4542957690296,177.13475438196122,158.13021578477446,128.43659008107574,138.57074334642903,199.391544771877,169.29502195891087,154.0
151.73823323772572,186.79081194749156,153.92242115376266,117.30912740567466,89.59105350014579,147.37020336270706,129.23697380819513,98.0
128.30610934101577,188.58864989876162,171.679386778331,112.94425888319606,133.11004244342084,199.391544771877,158.9059405421639,50.0
140.16516279981636,188.58864989876162,192.77577763670126,172.00075659694818,121.96663218314158,199.391544771877,115.46979920169373,24.0
950.9962359330368,1383.9640562181962,469.0158148933676,1067.07990611805,1197.6243835976484,1154.9276773517417,1057.3003297472255,4147.505537253981
950.9962359330368,2232.9095533603645,469.0158148933676,774.5887606603504,1575.6801532863544,917.7037651481113,1057.3003297472255,3157.8942486791566
1225.1337730397743,1383.9640562181962,548.3287282169122,774.5887606603504,1246.4589002853738,917.7037651481113,1270.2455964909955,5135.031298521362
950.9962359330368,2221.7206866715583,853.1669710162187,1870.5695552547036,2156.3977015890027,1438.549419018709,1688.2850189724006,1097.4847525833216
1309.0992490530623,2184.501655911384,799.188640516945,1870.5695552547036,1575.6801532863544,1339.3165367014392,1270.2455964909955,1687.3147717574052
950.9962359330368,2232.9095533603645,469.0158148933676,1415.513461334061,2039.097083444854,1339.3165367014392,2065.3829817361116,868.3782487004116
76.87180255735925,71.99522173409959,94.92396659713786,77.78426976011511,90.40725531562128,83.20462981967259,74.31042603940602,24.978093116067676
85.24640381366004,88.00974506039205,82.3930844525332,63.0607369377183,76.03452021991964,78.40336840903389,73.53083351704709,32.66375734918876
85.24640381366004,88.00974506039205,66.36620244530874,72.83241166352694,63.8141923462948,73.8426970020533,57.98422268626569,38.03068908715223
76.87180255735925,67.02463362578644,84.10194300087124,77.78426976011511,63.8141923462948,68.79006847582728,64.24297352067899,41.962032041657096
73.24868527252674,54.3116369252705,64.97827498298525,63.0607369377183,72.23493015944227,68.79006847582728,57.98422268626569,106.68096772648238
85.24640381366004,67.02463362578644,64.97827498298525,63.0607369377183,60.321841073678044,68.79006847582728,64.24297352067899,328.66042138311747
77.7777163750983,75.8012294429578,94.92396659713786,71.34001074327008,90.97913923010924,73.8426970020533,57.98422268626569,29.80540803671857
76.87180255735925,75.8012294429578,66.36620244530874,72.96280679670588,90.97913923010924,68.79006847582728,70.26766695355539,30.623577128272903
76.87180255735925,88.00974506039205,66.36620244530874,71.34001074327008,80.65878816658174,83.20462981967259,70.26766695355539,34.45527938540609
76.87180255735925,88.00974506039205,94.92396659713786,65.80329205714939,59.68528259574388,68.79006847582728,57.98422268626569,45.493368069433025
76.87180255735925,88.00974506039205,82.3930844525332,72.96280679670588,90.97913923010924,73.8426970020533,70.26766695355539,223.45676446833644
57.49340611387721,56.65553457815014,66.36620244530874,71.34001074327008,59.68528259574388,68.79006847582728,57.98422268626569,1349.9887192966912
71.77813222892684,65.10200006948293,94.92396659713786,69.23296691897133,61.54373747040497,71.50022912129967,70.68454492701345,33.328060654989
71.77813222892684,58.701947610299335,94.92396659713786,61.6718753282103,61.54373747040497,69.97811793602882,57.98422268626569,48.768961467547165
71.77813222892684,54.3116369252705,66.36620244530874,69.23296691897133,60.05827216369068,68.79006847582728,70.68454492701345,42.93988236320626
70.83463663795757,54.3116369252705,82.3930844525332,70.7136538678154,58.59680657080265,69.97811793602882,59.40340200485661,45.34714691750663
71.77813222892684,54.3116369252705,82.3930844525332,58.28368172760233,53.35494403480171,71.50022912129967,57.98422268626569,50.906816237988025
57.49340611387721,53.268174564745934,82.3930844525332,69.23296691897133,53.35494403480171,68.79006847582728,59.40340200485661,67.04352607516373
66.450081338339,59.690207856158054,63.7588396497528,62.003685204532346,58.92627212675198,68.79006847582728,69.44992455686918,32.92414037386986
57.49340611387721,53.34653987004856,87.65790406772057,66.36935239097728,58.92627212675198,68.79006847582728,60.04565528017915,50.07559680706062
57.49340611387721,53.34653987004856,87.65790406772057,56.53166102847872,57.28059803174464,68.79006847582728,55.46415558311519,51.48795795105187
72.83131059693686,59.690207856158054,87.65790406772057,56.53166102847872,61.54373747040497,67.55224027816988,57.98422268626569,58.56813017427302
66.450081338339,53.34653987004856,75.48951369740197,56.53166102847872,57.28059803174464,59.120025930570804,54.56375963543572,53.22337534740352
72.83131059693686,52.73625636996034,75.48951369740197,61.42299790735773,55.61423847379979,68.0998620222358,55.46415558311519,68.10941787233372
319.53044189884315,322.2861117715605,205.77076878357767,101.03982048269587,154.14920502060502,234.34216808115977,234.418759480815,2723.1240090810284
244.70063012612292,615.702697274122,208.1303090921208,105.08561729597726,156.4454605953245,243.8573189496609,254.70058252643537,1368.430024403413
123.15683897469722,257.57514321069766,162.51338982615243,283.2481735177165,412.54746040175417,164.12965851118994,221.24248229276577,476.84762955694055
243.41918921545542,178.63342607820584,162.51338982615243,51.02086073903508,210.4084199327552,144.7732670045246,346.595104625649,522.7548573093676
701.3696351553896,1287.5241857277204,172.59630927564328,881.2133433552507,1162.862892193687,314.8064169396589,1055.7312786920797,913.597680578674
570.6128143243701,991.6088205774378,172.59630927564328,341.64783592019126,678.764093485472,131.71634301140494,848.0908909855757,1292.2488727530338
45.586665405853466,26.651327885424795,130.37107312900434,42.63112523348888,31.356705533600522,49.402885940016624,35.28190630716657,35.647455032855206
62.91468849142443,46.24671923242432,172.59630927564328,72.54513372352963,51.61035321292952,80.13671945702231,53.46452163586587,22.31
2399.967595260054,3303.5424670326443,2456.3270614707085,3421.4041941448236,3983.3912559186665,3694.33558223018,3093.8215531795445,2423.1524740418477
2399.967595260054,3303.5424670326443,3062.360495822395,2755.57984864524,3983.3912559186665,3440.307755152168,3093.8215531795445,4183.706117613435
2399.967595260054,3303.5424670326443,2128.643444530613,3362.0128658686176,3075.6373525965582,3340.0366304419827,3093.8215531795445,5019.906454936761
2925.0326288922015,3693.4825961778333,2128.643444530613,3267.43454442055,3626.9377212118047,2835.096610911543,3845.642559508744,3769.217544648552
3099.3398268285423,3801.898012397114,2128.643444530613,3407.35118436979,4309.866851288514,3668.9238702507623,2621.2058182541414,4037.2415091748426
2914.1753218702875,3891.3565567787136,2456.3270614707085,3102.325772962731,4309.866851288514,3440.307755152168,2621.2058182541414,5872.802354698018
3870.96886894901,3891.3565567787136,2136.8686059647175,3649.0209720417047,4309.866851288514,3405.531472327776,3570.6514068611464,2320.1349935876065
3870.96886894901,3801.898012397114,2287.8011360865316,3102.325772962731,3626.9377212118047,3440.307755152168,2621.2058182541414,5037.281914579999
12509.745994404499,7777.196594932402,4163.49346623181,4185.438952766823,11704.307211496061,6464.597007421362,9659.103721933274,5427.711460364897
6857.223408789637,8800.141247927684,4721.77413183186,5862.914340218052,6515.9110626077445,6186.638003170632,5838.049043772923,10348.701942839285
12509.745994404499,8800.141247927684,3252.4423628281083,7286.52833962578,11704.307211496061,7945.676340763379,6916.117728222172,3878.299336399619
5084.988803947389,5738.160849645879,4163.49346623181,4185.438952766823,11704.307211496061,4329.322609148093,5165.268773947274,11032.871334733441
1558.4676065551614,871.60741036646,1106.7900753431165,1096.740880201696,823.4567463510307,807.8908787091636,950.6094685804032,1499.7965136094592
1266.379591739612,1052.8503740150527,1106.7900753431165,1067.2447266755692,823.4567463510307,1923.244277497529,1149.8317217207011,716.7487293450326
988.4293631608756,1052.8503740150527,726.7209984598253,1067.2447266755692,823.4567463510307,807.8908787091636,850.280850208864,1820.0700230338346
1558.4676065551614,1254.1485520036324,1522.052686805255,1394.2956852088903,1506.5117556544092,1923.244277497529,1567.6074973793782,578.9363265513947
1061.2795626724364,949.2373560338308,726.7209984598253,1212.4217465158777,758.9438126214249,973.1927554158328,1723.0720633434955,1200.4404657252858
1781.525350977551,1628.7866545881475,801.4162187798386,1899.9564916840077,1735.1667426608976,1503.7656980198835,1723.0720633434955,738.0499375482432
21.14678065889126,13.07162743828741,24.790383839868923,28.303260192712635,14.660689278624549,20.351381012679447,18.22893772610146,11.97
23.729047764567824,28.28317016261039,27.636008760459013,34.726003644552904,54.55225964946458,23.876845896308545,34.273254046746665,9.79
18.61369499207466,10.340499123495222,60.799835575886824,11.82296002915835,13.75572556646065,31.222323906817987,58.573059778550316,8.66
13.322592482427186,9.365879838354966,21.690024528993817,16.209576566700257,11.753938123993976,8.882988962275945,9.841570175872898,6.39
171.9588702612207,53.58150950152931,367.4113692265686,43.777083209927966,99.50331797410351,50.57078580189516,37.08309891230476,17.42
67.369725607282,59.47248321494839,367.4113692265686,51.66253248044751,26.36043466550668,78.28810009642376,46.8563399096709,13.81
10.691327906821842,49.409051482002354,64.06396957994622,122.34790830802666,64.04613343416648,207.54239145437,223.84873425702398,4.5
87.9510197840499,58.68676678848979,55.282531764223826,83.97823766346792,38.742986701251425,68.35772258273069,37.25201576508032,9.076859010206096
21.872861991946248,19.185389646834686,65.54068432948976,25.898751889328395,38.742986701251425,24.84096129657646,37.25201576508032,53.17425917300355
228.50541168608635,473.34823450715066,194.75238339864657,334.77826947912524,303.5121784216406,210.57645821500049,76.44188636111987,660.2265052034599
221.1255624692443,313.0850675652731,114.6135933019708,433.43588791577486,411.6817207391618,194.91983339811858,76.44188636111987,603.9973894228767
89.03620429608779,107.64686913829881,104.81585139744185,156.34383213094472,203.36788860452606,84.08437987062491,229.7754538542097,150.0
529.0701905045989,844.1552273779736,285.6084382691482,407.392267269399,397.87272973795035,334.6732266437645,395.9930708332503,250.0
689.4171250450087,2021.3202646907387,540.5402482887393,1061.6064483813825,1277.9671945491557,1199.4096184680243,641.5331435145202,400.0
158.23385098373126,155.8184760387171,194.1700665998274,595.3759556225575,76.62680033490895,122.2612881859307,116.25358503800864,6700.0
207.87466076632847,168.1569486211091,105.49199739186953,184.18525654927078,613.556077915825,203.646044330334,126.45994623181709,108.0
243.02294938869494,173.5068160039466,119.30026123341608,65.39706067298694,684.845090465428,124.71475235735515,126.37372579674458,134.0
586.848599387384,598.0349738135027,128.32412781903312,65.39706067298694,1987.8053926587327,1059.0406446738768,89.36566347179411,138.0
262.6076893588178,239.43929667483766,186.14258534614956,214.99122177825268,243.89358699986602,205.07015028700147,214.58576034464045,154.0
181.28601841112578,234.46211368389223,152.02869842259096,208.88293198006605,234.78186321187326,205.07015028700147,286.63893722051483,157.0
580.8043279695337,844.1552273779736,182.93725060711043,575.008804240691,463.3563360267791,373.09108323286193,323.72485709788236,189.0
61.61688903236217,72.79039452538521,60.62721828940309,36.73374486735591,45.4329846426869,49.95393536645269,50.214170882898024,50000.0
216.19815675729276,2333.2881054185705,103.81655796683145,188.26112126953083,119.29472158755625,100.40079756756847,112.06540041289098,442.0
90.31116457299008,130.22535237409565,117.37892818291226,104.04408790191134,124.23183334603283,118.66263536417246,108.88633200567973,152.0
140.4772812853641,158.95890321260262,120.72007542265926,133.47996832665507,153.61121805394427,139.70355212373,146.72909012131456,175.0
115.48857485329799,134.27470036213447,101.05177694831086,143.3436469471606,149.2942456243939,92.36281846519685,145.16671935592052,233.0
342.6454709366149,787.7980616543357,388.2337847845859,430.7202949006233,322.765013382575,887.1305569215654,508.56416488975555,316.0
94.84461456849789,159.56361856536225,75.55068589294403,108.25895880951363,119.78255957288697,188.01952596716274,75.51830160872555,142.0
159.75689527852654,89.51616209482057,75.55068589294403,92.39666460065736,94.27906115524335,86.50456038654006,122.23655492935382,192.0
141.11878718422392,517.1848098416347,257.20974461577737,161.8496219933522,134.61622499214025,356.86848174092154,252.34035291034607,231.0
15.850542135487332,19.794050742969258,46.766927786341334,50.82521880329349,18.60339512240499,21.477310137417966,20.853914674597018,2.055347054180825
27.891268012095065,10.518356997414573,41.1931380582811,50.82521880329349,16.326440524082894,12.472201952553975,17.476264212412662,2.9781477397186142
8.71193408764701,7.080200165584578,20.00329845835602,12.653471816664705,8.80598284184915,12.766318113473007,4.773400522891508,4.013005211729878
7.872094950677477,4.839562716031141,14.932436582349704,12.653471816664705,4.340515863867134,9.205625529511263,8.961569637310056,9.146402702785922
38.19980105355677,28.083178027196208,16.05827147059167,13.048371886737117,117.19461736985465,27.18200513964377,32.78178332828651,83.13552828872753
30.70606433297566,18.42169617093277,26.753833547137287,26.524115184673704,13.70020845772546,44.28609042933763,29.87895557515532,102.59242245794556
12.190771526627879,23.58630851122342,24.032687205827166,11.900435956929853,15.898065367131473,24.5339790537049,23.774349135499453,71.99001334527578
16.166822730595513,29.52507453736128,26.088745170538104,24.84234821861713,11.161456965783758,16.2446895452546,26.84874810453696,42.621652821722186
129.49393981323536,97.99092093565693,102.12560295237074,139.31853397627367,148.0353644393344,92.82156477923381,153.57840386073715,28.4227628392462
86.32626087804252,69.52885903571241,74.83301233772619,70.75020616378686,57.96263954674063,94.36827265229422,54.317385673832945,53.382148890713395
40.94670682463755,221.5600532477065,94.45787307423234,130.50657589152945,148.09450471045608,262.14738557591096,143.65959108221242,56.31653073875513
41.75181955559409,175.8887548199798,84.985110903065,121.2014391690597,115.2052575677987,122.40913218112257,122.95350236300267,544.4034787574013
42.02665365469446,299.1590708573734,89.48633698154353,143.9794250453226,178.97682973196706,67.78305518192056,157.4355582229005,769.3227918533132
18.519478906648665,12.006916781374132,22.347538379430297,16.987272664058906,33.662530920067645,18.96449105737152,24.254887901930527,12.2
19.811985510868702,31.153027526424847,22.2083743530121,25.321469514773735,16.14378227385801,20.127471628513586,17.27208000869074,10.9
34.96818081116321,29.89916691922128,32.85672595780807,28.44073666317882,18.206750986589007,34.39149675668366,28.670485376257457,10.5
17.045617929206255,8.93843417787631,20.52038362134127,21.16891931370515,13.154420509635678,16.65090207596768,7.571054894204783,9.9
502.24860628111287,2596.8004535791133,1988.33858810995,1068.1177997001914,2369.773866200148,1075.021580892781,464.1270048939095,7162.219310749616
3519.212695625382,60185.25727476082,4003.890420137568,6627.979194024936,3811.1594148665918,14748.808057981438,5740.074218837366,1020.8010936884571
449.45170601177847,1418.9962836873904,882.9498748039581,1041.186649661004,701.9196419239704,512.8148555439565,935.9281574781754,1711.9301955119456
780.6773756950084,2312.320733400539,728.9660313143968,971.4858949160422,2010.7154070390404,640.4725866985166,334.42539249180123,1853.4873918513947
23.736989547363606,21.42060022949815,16.18534405107869,33.024005761829066,19.65581323674326,25.452254967629784,17.88760882491678,24.474422969495674
15.373019933221748,10.882190801752722,19.427529043491738,15.703431778986014,13.622555023068912,12.105914899764846,12.183919685890569,95.18681065882589
32.31481848177098,19.967136173632383,45.23866933323683,46.036135281841375,27.65211755252083,22.450934612379193,44.35554030480307,11.504839146092353
16.53196256237877,11.32855731060297,17.543475838241562,15.754491134896378,12.218682156591429,15.832148264853533,14.332054744429472,25.984957651962763
23.815647993208955,19.684586028616145,39.99611413067472,23.27206719687423,22.09302068850326,29.30010868047986,14.777044085280924,10.0
23.815647993208955,19.179409112524603,19.10139126524313,29.071498093040553,21.02543749779746,24.371673625928594,20.535404310124285,11.5
33.55265276851088,15.60146794802862,19.10139126524313,29.071498093040553,19.488141186424613,27.038200773252036,22.494488765971035,10.5
42.20459898350377,37.013839538184676,39.99611413067472,27.949203839567186,41.357030440403584,30.003242491773943,41.63970799013537,12.5
29.791468877919684,223.5663751774237,39.99611413067472,44.67967489545297,111.84636991695679,71.87061404095445,48.73164550569215,11.8
49.34454629425386,91.79076759140514,25.42404598350101,59.35105325382688,41.357030440403584,62.99041909803876,58.41758938748252,11.9
34.62987711656139,30.31445407608789,25.42404598350101,28.15894731199619,37.69855877333937,26.396647976977864,36.58088354444808,105.89631400523493
29.791468877919684,26.643854073113637,23.732486238044476,24.89815146612966,41.357030440403584,28.01466754111417,48.73164550569215,706.1913343896535
25.47491986067909,37.013839538184676,25.42404598350101,28.15894731199619,24.686419545337177,25.525575170229864,21.317378148302947,163.25154392643154
24.98509741511295,37.013839538184676,23.732486238044476,27.949203839567186,22.978248178442026,25.023309867438183,21.317378148302947,57.81421995757059
36.59764996257847,17.31455642692153,31.822130208970513,32.621523621983435,25.207236068217803,24.93280854991394,31.26939439134799,29.928129265702342
21.305399161446214,19.179409112524603,35.769711674489706,25.063923754355457,26.102612247170736,22.940559541077562,20.851440169534364,10.564366086769553
55.194952856733146,26.72797028229321,61.04662594716391,81.62485083354689,48.3417622915375,89.58526784644268,29.628405736946235,42.9
83.37484470616876,67.97330009082125,87.27544979136685,117.78905025170205,96.74457467905982,93.3617753563165,106.63789702844521,89.0
130.80252492358238,139.4323328470989,123.27082571125342,117.90729072221353,141.27865044907435,82.67678807728795,211.42048107600942,99.0
48.63130377309462,68.8884753715264,51.614041946770605,39.12575706444184,42.90007445973624,52.90353804372663,49.13673735521197,104.405
56.61757429960653,61.62447816194033,63.58912603799286,57.55815240677685,39.154045627876776,52.94267693322778,50.86509343648786,87.5
67.75917771068295,65.12476338261774,76.35349039199087,39.12575706444184,48.73778264881931,42.13182205917228,60.40490277078416,60.715
45.726598024612,68.8884753715264,51.32269513162767,39.12575706444184,48.73778264881931,52.78720269740336,49.13673735521197,49.165
67.16058964096136,27.39556035858407,80.96926211596718,91.2234436488264,87.14903123979248,77.81446394177524,33.36672912900962,11.0
124.31761964716948,76.46488918519321,89.19580958159327,123.08878317568114,106.20158674197499,253.83140545238504,17.220485849001292,2793.1443242482837
1316.0602764427092,1653.9236088636883,562.8849374284334,1203.9860295799028,374.7125461092923,875.603967505931,75.60995803088947,668.9696881543155
8.439962301613077,8.467992901377258,10.480473272408283,6.698468274014509,6.669889791773405,8.26521082292553,7.70040481255206,6.97101
8.219911867971055,6.441540225065345,10.480473272408283,8.267694947816905,5.488433201499507,7.000545923721395,6.226039959139223,7.11151
7.744955502459835,8.528149361873922,11.390147137033342,7.362858077620667,7.431098726009773,8.870393302904201,8.401292917284971,8.37939
13.36366059276518,11.784092572218082,17.77276266767286,12.591212285798331,15.626898609546272,20.452677864927153,9.822955587071796,8.90616
64.37301871773458,119.48425330245891,39.07923765290402,70.14577584426493,92.11051668178507,35.02995001741765,37.04056107947981,10.17328
47.762403303052594,31.937114701697794,54.944727426664194,24.224761577196848,28.644836879081044,42.90592539652606,28.655330164615414,10.17328
1.771156538308035,1.8171958643660036,4.320613501805805,1.3595362838471687,2.0563663201858344,1.8149846292339866,1.8251326688436789,1.80886
1.950372878014887,1.4964428735436923,2.8058264430429474,2.277191336363451,2.0563663201858344,1.6817547990861978,1.9839051011430295,1.77312
2.0054055317802058,1.4964428735436923,2.9268487903980196,2.277191336363451,1.9510086049233613,2.3315203550558237,2.379803109209947,1.84736
2.599823929296952,2.708636631125699,8.618162934741669,3.647163377154657,3.339012500751345,3.45257831628468,4.5740985046565354,1.86588
8.536953866109709,8.367443531370975,11.390147137033342,9.444228803780609,7.609433162691251,8.681319362064647,9.551414948197237,6.66909
9.748107462681356,8.367443531370975,11.390147137033342,7.982889956314075,7.609433162691251,8.676558600111411,9.180674932500954,6.82051
8.688365421915217,8.2032161698584,12.162224850740559,12.64945274638603,7.96553366071555,11.334331209777337,7.44670542386388,7.53711
8.706481150145601,7.135536557524852,11.935485449696978,12.64945274638603,7.609433162691251,8.681319362064647,8.04618998139821,8.23603
9.277602463291762,10.129531395669204,10.480473272408283,7.982889956314075,12.824401067754906,9.523939410880969,11.038798138388165,9.62679
8.21755486388936,8.367443531370975,13.215749757136146,7.982889956314075,8.182366867688613,9.523939410880969,7.562828022049508,11.75596
9.277602463291762,7.684666947930038,10.394905371964285,12.64945274638603,7.609433162691251,9.523939410880969,7.562828022049508,12.57501
2.2190937034993303,1.9569389169917364,3.616444509712235,2.2853323532861527,2.051510838663399,2.5162962647562583,2.118817270071984,1.75755
2.19531854394492,1.8740955275471323,2.908509004931509,2.2708661684155365,2.483207825436442,2.3642047113282008,1.90911037945831,1.75755
2.185714889818689,1.7559095992843323,2.714405937908536,2.2708661684155365,1.7711425502032199,2.3642047113282008,1.90911037945831,1.8362
2.185714889818689,1.7559095992843323,3.616444509712235,2.3292684822780023,2.498774716124874,2.087197798274828,2.118817270071984,1.68038
2.2190937034993303,1.7565213913832765,3.616444509712235,2.0452196423124587,1.7711425502032199,3.2110666597086666,1.90911037945831,1.7754
9.247627504436608,8.378956596135847,11.879607026465115,11.884586893883414,9.210203760844745,7.688052854685415,9.01719154673665,7.97921
9.644655281086033,7.5517292675424885,10.394905371964285,11.884586893883414,8.299582346970261,8.767888206738839,9.01719154673665,8.14147
10.507439629374469,7.614935794026619,10.394905371964285,8.176791816913518,8.028299014605091,7.688052854685415,8.78049486052154,12.25983
14.028631419076433,12.55828497986505,13.034640473857616,14.179150685000849,22.977916514285976,11.940570326241211,10.908669065235571,16.25142
15.105056365545485,13.463427279427847,29.533761036902558,16.98366200654962,37.10305285377019,18.99032189243694,30.079648643966877,17.61427
2.0010982995782904,2.0342175053334506,4.227850278041762,2.054206968729016,2.439018611500902,2.3360307636031865,1.9286765137396442,1.97364
2.1376660394895723,1.8310291856734768,4.227850278041762,2.3395731720215243,2.439018611500902,2.3360307636031865,2.1221847624407104,1.96044
2.3215116443575634,2.8973339969099836,4.227850278041762,2.2543137401121167,2.8647631194244525,2.695796026209603,2.265973805529357,1.97364
3.3813191207122757,4.613317719479289,8.4331316709139,2.9888696508041206,4.702682225012871,3.396819357689347,3.96623361015527,2.13915
83.44055274852626,104.8181920956968,361.62701100542023,120.25656236824224,281.11810767964175,189.5232918296304,137.2142545689394,159.9082129758004
193.27862319894786,116.7258637600441,225.97087036843678,258.4557480333734,197.13625616596906,288.8901995098149,188.077679035395,156.53027909181876
94.46024106129606,43.72744904499263,128.33666703146926,101.39453937309816,78.06241084366322,81.00917673029426,51.29239202886963,695.0415420354472
38.499544788745816,60.31280203934307,42.69836289547797,69.72852343123672,22.86148507988389,42.94108144580341,36.46594700031691,23.74181743951765
31.546015387495622,16.374404919302375,67.22333073720031,66.32525827345191,17.192120858823255,43.32604429146138,49.31823169767467,9.319129034923115
22.029707422667958,32.20035046670961,67.22333073720031,36.65005489971846,31.701627068746298,37.041976636224845,18.785364045951564,2.1231747340805147
33.03221971125686,84.36330409821375,62.12773702943703,65.36506096537883,32.02756380688805,24.893783174942072,22.739596867832557,3.3454177880837865
175.01039636779538,116.7258637600441,396.1621362974562,296.59318244013707,162.79794005284754,269.2225024654737,219.57629411180613,734.9816215654441
175.01039636779538,178.13330169677766,225.97087036843678,309.13133686383713,162.79794005284754,288.8901995098149,191.78000020650262,117.85903333534596
193.27862319894786,116.7258637600441,278.6107754512216,213.84915779133385,197.13625616596906,278.78845432900386,204.13609005093386,807.5453670596709
227.01013804595596,178.13330169677766,361.62701100542023,309.13133686383713,250.41933683407058,256.8294166255375,188.077679035395,203.52133367150975
398.88811424622537,226.4753344326265,396.1621362974562,309.13133686383713,250.41933683407058,278.78845432900386,188.077679035395,20.487479276064622
398.88811424622537,178.13330169677766,396.1621362974562,296.59318244013707,197.13625616596906,278.78845432900386,249.12869048939072,13.953283665752584
227.01013804595596,226.4753344326265,278.6107754512216,213.84915779133385,191.57711044381927,269.2225024654737,219.57629411180613,22.32438435099405
504.79304403913375,98.04827318126706,1076.83485850093,1535.337992801952,268.74093176903216,716.2336077368677,640.1877105838319,39.530658328161074
506.47697108992116,409.297388671064,894.738271107004,1144.9782795302076,341.1263888808605,604.8969837652853,2005.608041576072,110.10230312820512
556.4554946731995,494.58463902831824,1128.5674015314348,4923.82513156461,607.3086644884302,286.5172130579914,2005.608041576072,329.3467012897341
609.3034301834466,458.88289546674696,874.9631089265442,4923.82513156461,513.9663443025612,881.0582935990485,2033.4525861513443,215.9329337890217
657.0038031527857,1451.501361122189,188.1974169955397,525.0646485802802,615.8294018897817,496.6979497857964,704.4273365568637,578366.0131676155
734.6750230714874,730.143231812371,188.1974169955397,535.2446891830825,543.7288948568248,512.9790068294311,477.77870423464014,874758.9063775074
195.17878574764927,256.316719163643,225.97087036843678,281.01594360132935,197.13625616596906,278.78845432900386,188.077679035395,3032653.9543525716
57.15683620072336,76.75280833988644,35.41184878302505,28.13876103446459,55.74001622949189,41.1328810494401,55.049839214051914,300.0
50.58606947472796,51.3137918855101,89.2843628198262,28.13876103446459,44.64088389539435,46.257491276165005,59.24604689906686,85.0
44.062888440800506,40.78479433310675,35.41184878302505,57.93073115087313,55.74001622949189,42.85138591098238,81.27890951722378,50.0
45.4148547986739,49.44609843453344,89.2843628198262,61.25813477108571,55.74001622949189,46.257491276165005,81.27890951722378,35.0
30.57202084183472,32.10252938802,36.164079483664864,33.64989962866005,43.77958459865415,56.456015144478094,23.838042911847094,17.0
62.72149100027085,25.13281174090444,116.27322375530774,27.468357262307485,693.7816180100248,81.45364478666097,34.16432925822178,9.734992756379716
96.8682558635646,153.26413010274712,132.70473326251485,208.8682720174962,1220.8435334586145,172.3518436403106,117.26902321914697,15.984900954630048
28.896216547839902,13.083336312424178,48.482232869227744,54.21312228737767,24.983993284265047,23.431204897919365,21.244312617771566,2175.2515947722263
666.6118754095553,54.45346150552683,136.89442979197668,272.8014930943882,436.9243240575919,345.2739659628114,854.6118593309321,250.6475791220425
477.5393961275289,113.28358195385944,226.60715426019388,557.6347032738126,680.8921281831566,336.296252530073,272.6061101350658,657.9548828819127
76.98794579325651,71.37873475097716,52.05486255376153,79.86027427393176,86.76385067707608,72.52614862805954,140.09664684865731,21.3
19.473224699847773,16.500613277686092,58.75591070755051,35.284427350932596,14.3682652332556,13.677000486661996,22.269589444298123,19.6
26.726691584360214,47.04351470788624,57.72973677137905,60.555939145722704,74.52054872276297,28.269209506222115,48.778316692641646,8.317638
46.974134954203194,84.63050726447196,47.444580584769774,49.2113008105884,74.52054872276297,68.29586962806137,49.96900093044171,10.965
53.42292983174534,84.63050726447196,47.46978353667136,60.555939145722704,58.87264074805048,68.29586962806137,29.80422724881414,8.912509
36.40594791334051,47.04351470788624,48.71547900433852,38.44469323735261,74.52054872276297,34.33519375845559,40.25752349170121,122.5702678722803
26.726691584360214,31.998395544535388,47.46978353667136,60.555939145722704,29.646307520303555,28.269209506222115,48.778316692641646,153.47843474242254
26.726691584360214,27.697813612452787,47.444580584769774,30.51176107108622,23.54445507583517,28.269209506222115,29.80422724881414,488.4830079507362
418.1194951715828,168.30037788155306,131.8509299293645,229.1198386963374,281.44561492767684,362.436047044112,307.68054842822556,1429.0
1360.3693215717046,2570.8935694159577,592.2187946049688,1146.9845399814026,851.7841784376704,944.0353866377488,314.3489216488476,1128.0
1227.080104746246,1259.9838716245536,231.51778952944716,391.3790128595004,2274.7648935233556,560.0678895060347,1309.2610219194273,2859.0
332.9298460353841,92.36024125227074,166.2895590257303,232.65377082838253,3297.1398747012113,174.29268640980476,236.21384718721768,4187.0
295.61693521449405,1285.328263153771,354.1176798510752,343.481299401948,133.7776390372516,165.19302108864866,522.5509761758792,1879.9432642599313
36.434189012773516,27.920404489026026,29.945059228252834,61.130350414467756,35.5957670433822,49.45026160023362,28.956928012574476,16.682069886183186
4.971488741075408,4.4188056688262956,9.370343978828036,4.694467564177336,4.857189923005668,3.6281305062815594,2.8505653218908993,2.9
6.2915988486919066,4.807486229552593,5.776687459976972,18.804341324298402,6.435785661790869,7.362833474097387,3.977956246251569,4.4
4.270283394058504,7.309132354984322,6.925636807065048,6.1730696942439796,5.251108457808536,5.390058023935155,4.811723998602705,7.95
140.1453776527099,123.19101653292428,116.60457930761457,119.65081124585012,140.25749573894961,113.19611328578652,163.64344261777657,70.0787402
86.4477554445629,118.19580845545302,106.82828247850053,112.7974674246033,86.89184413877139,112.068458738265,99.97372185193021,60.6299213
122.01098635106,118.19580845545302,114.72476999209628,118.76890037044572,115.82380277032094,152.88152599658713,125.78875433567183,60.6299213
122.01098635106,74.53231957185676,101.2163526786318,112.49778381137354,112.06510816310163,155.55268672479008,77.5581535486551,61.4173228
64.01276861288132,86.78871296668986,102.51292943545074,115.80400871382999,95.91204785149048,121.84738081262607,98.19309858198844,61.4173228
109.73687890840199,179.83485466823765,88.02331114480964,122.76317863881047,110.40269970765206,125.24033460124481,123.15070307768745,180.314961
95.7112794836676,73.45119870446861,86.05975016818532,73.4787841627793,93.5588361211586,109.73392281364633,100.45991545155567,220.866142
124.8381122918623,180.27726688339388,101.60919966668853,88.48355189376815,155.08579334999163,94.16054419212325,189.5849363444925,215.748031
95.55333794525926,139.56182646083195,88.02331114480964,73.72200565950754,108.34320764379665,104.39143049184668,94.13777283035436,230.314961
8.760866525021436,4.834779411300064,37.172389570342105,10.691069624307111,6.845556915891349,25.47946365074055,4.738848581366566,0.6633927468320315
8.532383464395167,8.902251997350485,37.172389570342105,11.722320638363446,10.790745268304471,25.47946365074055,4.965069087152423,0.8641440739553412
5.836816825451043,9.497370056634947,42.1624960851872,6.448210034963084,12.448916629223143,5.7846683149745095,7.386594423541493,6.25936543269941
7.89265683296985,9.170633542878194,8.782363631819603,10.828085578641751,13.353302157823233,9.763941730752537,10.24963349261553,29.80568079639327
128.42104592635775,93.39323015343865,40.646772995100974,76.0233615101193,67.85062794034265,111.9516745367359,36.17442875545098,57.08239736415879
16.989432105821077,54.038474116754685,61.81614655000349,31.888352495316518,15.321896013881501,20.040367739160395,15.157654263483733,105.52410080322228
4.985681816146726,16.487731996971046,6.824477207073597,17.824220902572808,12.952147656471658,25.47946365074055,7.520754653567373,0.8559995756900554
5.04035877676368,0.9596489767462655,6.824477207073597,2.7034551031816667,12.952147656471658,1.6910168299727195,2.7088970426341237,173.4699757368337
12.978938037702834,3.49540207561278,38.31679746710081,10.03860539852401,13.853992433779418,10.504709214024052,19.983870411979982,10.148985535104584
13.6693934822224,27.68928138744808,11.589099480445377,10.699619222461495,20.807955706878285,14.900190271691686,19.049089867592958,21.015131713856192
61.691423007404794,139.20726929895991,73.90009528013034,44.34633519632662,108.63668052037922,157.26592998780944,73.5124913330326,106.35843584288938
125.95723391179483,78.06969205611426,150.3036320582295,107.6908012200562,121.57477696993703,163.87759247912234,109.27495049446878,1057.5126201060984
25.151868054723526,27.606193969930075,22.13485998552428,16.776859467168023,19.471085525115722,44.67978793403845,1.3820169704736025,134.56478615817045
18.23996818106973,18.781062369641493,51.58451387505252,28.538920881210938,43.51936719194825,38.405641215788464,111.76303727375112,8.53425366165885
36.88810043988811,21.797964147409456,46.73513629582838,20.238813236468577,37.3975481810545,38.765565033907386,111.76303727375112,9.830561114062931
63.55137998913024,40.36062070791587,66.33058536682121,51.99012127117359,22.848204909398095,41.07409897494984,122.63446068585004,14.460860882191591
448.01821621873813,3199.229759615106,110.07539951443653,57.08053498366333,4547.848367163058,1591.8925848841277,343.21817627334843,57.16893735782499
77.0486396557243,42.40318803155851,46.73513629582838,52.821878294141044,93.91925443964246,89.70046843069952,107.91933846028353,67.58762106684435
54.23074790570314,59.06775790123516,65.76144473556899,55.96880481643501,56.33827467024616,36.020011384214165,56.616435831416595,402.7424210174354
87.90143899125793,89.63588295041123,92.60229341166216,76.69822154359706,99.98547503743562,91.38105623215901,96.7113872399097,63.0
93.40101593861209,95.24629871734088,91.45220158020022,80.40713858091692,57.99482577097229,91.38105623215901,96.76025259938788,98.0
89.1708001385906,95.65672737141887,86.30207320304794,87.58012085882913,58.78119586622506,83.29511314372002,71.9429736719937,132.0
13.338224526331333,12.517805859424305,15.293050552089946,17.356576099923505,12.370560494305446,11.730717917145645,11.303009133124494,19.3
17.607185993461524,18.366205588487794,19.66302383327784,16.186257888560984,18.198345741730698,23.49061208471635,14.009719130372945,12.5
75.8428786601953,34.85766333009747,33.66148167723641,20.463640525402557,20.89782600422151,20.252758624442002,22.490616231006147,11.4
75.8428786601953,33.134904773902925,36.144742159624066,16.0461827673967,15.099844091623686,13.980338285328523,17.59701967761608,9.8
347.3671465881921,350.17836453135425,241.67110622062572,457.9898566551395,478.2810587924571,336.7623669190156,276.16509056106264,223.69
234.3482905153142,391.78219394506385,241.67110622062572,577.602865301024,478.2810587924571,266.3397705374868,451.102268028178,150.37
429.2713336739277,517.4900175396378,204.99714064804482,577.602865301024,514.1154395935329,336.7623669190156,451.102268028178,86.05
429.2713336739277,468.79090667776313,205.62726222229506,577.602865301024,514.1154395935329,405.11782509569275,451.102268028178,65.79
415.26326349315576,517.4900175396378,241.67110622062572,457.9898566551395,361.3462748563192,451.1897088683296,372.47609366897825,41.03
234.3482905153142,350.17836453135425,174.1879213581341,251.2794758972704,205.30638070808922,405.11782509569275,276.16509056106264,1906.8451781188655
234.3482905153142,517.4900175396378,163.06551498827682,245.9857591530762,514.1154395935329,336.7623669190156,372.47609366897825,3037.6513692036497
246.7716859813697,322.7111454587417,174.1879213581341,245.9857591530762,205.30638070808922,259.3208913127627,451.102268028178,3469.98539120479
234.3482905153142,391.78219394506385,205.62726222229506,249.5290747820379,361.3462748563192,259.3208913127627,332.1031822373972,2323.494278199617
347.3671465881921,350.17836453135425,174.1879213581341,249.5290747820379,205.30638070808922,266.3397705374868,276.16509056106264,1368.1936733673574
246.7716859813697,468.79090667776313,163.06551498827682,251.2794758972704,361.3462748563192,266.3397705374868,276.16509056106264,2117.2334462030553
347.3671465881921,468.79090667776313,163.06551498827682,577.602865301024,493.8099091773376,405.11782509569275,276.16509056106264,96.36736253857775
198.51294546748383,317.18042695225694,205.62726222229506,476.12827717990245,183.57978206516324,218.32227561322847,290.1761639804719,1510.8593059216985
405.7336384663489,317.18042695225694,205.62726222229506,476.12827717990245,553.3470652405807,249.89288581313673,290.1761639804719,83.8411908324313
221.44354982060983,275.54956266956765,241.67110622062572,258.35718526190055,243.52512840194055,208.5194189457259,286.84834075083415,155.70440350044902
379.2928185216071,358.01814483286705,241.67110622062572,439.21359202564463,290.11382174058804,208.5194189457259,212.74913016891895,79.3714514015139
204.68659607403094,269.98214077591183,146.2750860561114,244.610919695837,146.49238679354536,269.17688293603806,423.33960245574536,382.1113827074199
281.1417500047071,269.98214077591183,161.0210435246602,248.19608237951314,334.00374621630283,269.17688293603806,355.31201789645417,104.7584612827065
206.74687023797608,149.26350836408628,130.4738761288421,151.9315545416335,152.21749483488668,115.38567471322716,231.36735657189595,1051.7672764171366
206.74687023797608,280.9021226801447,69.22063401977829,290.0672474306906,278.173637559725,149.03838599310225,307.860997129743,211.88027161233776
104.605742638379,111.44552549428025,50.80003277243046,69.69325424995931,87.80909035035275,71.269739725917,140.622952002355,152.01440709386614
179.0577521029399,214.63451911645902,49.764040571455844,157.06115104302478,277.0153531473677,148.37912152071362,137.50052021676336,119.10941141590149
104.52544059319358,96.35286396744245,119.65555604090723,85.7495366924139,139.72442239567408,111.79972133653601,128.9757026402355,49.093376304366664
15.813859423774694,23.446901339279865,9.073417908823465,42.673753741361026,26.044622570123803,71.25798359171262,55.23244917665782,59.12270466111498
121.31695470436442,248.37103980710057,15.873947417246303,148.7198872210051,291.57085959502757,76.51802932819422,70.06106874749366,163.2094231217567
108.89646420060598,23.761687362008573,59.785805735273215,23.63543726178547,28.14538536762487,33.29323115667828,30.754624844515774,7.5
109.89823876069393,22.22991152511158,103.3657963718049,39.31085520000229,18.92227877506399,61.7830959523312,25.253682367788954,7.5
97.20372407764243,39.989138015181354,73.5648270254907,283.51288906994677,45.612321245505925,46.52232573062945,80.98867576233894,14.2
40.003765525772536,6.434615259871755,40.61938822446265,18.337240951027454,8.143082836020882,13.474519750372535,4.846550696763382,7.0
16.171430814149424,7.211254217264909,38.16059508836279,15.534510996649523,19.958412766214153,28.006007970172007,9.059470341948002,7.4
252.1678752394779,35.09965757070672,160.22554714923234,311.7472158054238,90.8133181127631,102.01151020370492,38.55656728081097,10.5
59.7645387888293,69.17013850949003,66.1211603722559,80.04220801647507,55.52223239713641,65.34594269822242,56.05692740124099,54.25
52.92237853228887,54.29885458727598,73.75891004151447,62.16976735795123,48.27063055314078,61.87805652249989,61.61612472063859,51.85
58.647947724837536,57.92119587914121,102.01075427685433,44.744574204599154,57.690307374952596,58.30349442751644,67.1398257262275,55.78
44.848349367578194,29.67872867752092,63.85304281917754,40.98903240496288,47.59736088929921,58.130402697819925,46.30933667856176,52.29
66.6867742205582,60.13203673921311,73.11098210598779,62.377711028074096,66.81847677461808,67.615124978512,62.903939629782585,4.29
124.18211533398991,146.62851486473144,93.90896848811337,102.54995552703915,147.23528076109514,116.0152367592826,142.90706381015355,109.55
114.85408817413129,142.30760088928676,70.56723485223965,102.54995552703915,147.23528076109514,111.65237792661071,109.27334265979142,140.3
108.13421956037294,140.04993413425746,91.17113717546067,102.54995552703915,128.90500106437392,111.65237792661071,118.82277774431213,167.76
110.02450946058006,142.30760088928676,84.77176823080681,103.54384413633824,147.23528076109514,103.64170669776134,118.82277774431213,171.64
108.13421956037294,140.8611966786352,70.56723485223965,102.54995552703915,111.5105216129807,108.41224198747906,109.27334265979142,177.31
111.257013950419,130.68501085671224,84.77176823080681,103.54384413633824,111.5105216129807,116.0152367592826,109.27334265979142,175.52
56.44833675623901,119.98389973676417,71.92429393249408,57.90343633957323,79.16351399677443,63.49075877187547,72.33550380405545,174.67003595772024
127.53749692631474,113.07253981939442,74.96465620632934,210.68150094045484,278.1293180253158,185.1371819042431,174.83057130502914,148.00124974317197
99.24778766728701,162.78931444438982,97.30681899711823,149.76777956750666,129.11677539703035,117.56756117254048,128.297621819595,82.22897498986573
58.40225599506258,71.40560697203341,87.66096549013697,62.97470945438978,64.15452635928243,60.41539906950045,67.83867643315247,207.04558715072318
229.72911987415966,204.58263556203377,128.28218170670607,196.17049763983627,375.5521773941657,360.5056560283337,201.91117532382702,218.8311453563302
159.9031204028051,128.3501030064637,161.77387738559153,199.91843771391234,154.61052780002095,158.3750191022724,180.67216286949045,152.2493840978264
126.0117867649313,121.02057861654004,139.90384436037434,194.99682697863332,126.57727576066819,137.24914768662606,209.29287640456863,131.3374366996749
110.47289897486269,117.20454809556524,90.45807874147094,98.75246774141894,108.80361454854481,120.25172009418418,130.29721784472562,93.75
115.05320301982944,147.55777883743278,88.01604291326301,122.73158255674034,108.80361454854481,99.88902581121847,115.08884035850393,89.4231
114.04950395715169,139.42142881113506,87.27808140310503,111.93296740421187,131.14387303413886,120.25172009418418,190.0307409033596,111.0577
104.07338578540899,117.20454809556524,93.12145955304685,103.35940155062715,124.69896146536531,120.25172009418418,177.91041543722352,109.6154
122.74327744986923,117.20454809556524,87.27808140310503,103.35940155062715,108.80361454854481,90.06176149078836,78.7030552554565,250.96155
115.05320301982944,164.1688674809497,82.54304031386312,90.33690602868218,104.37670544250064,120.25172009418418,73.3575950725383,341.8269
116.93952819164711,138.371579386903,122.55428370933333,89.56642782840778,174.6537087572126,114.35033602708369,73.3575950725383,275.48075
122.74327744986923,1147.6751751186018,109.23040242766756,919.9093323635489,1581.4478751686786,104.10069727455415,750.9626399406917,108.01
102.71238189906805,151.0481301979647,169.76144382453634,126.53427210141234,165.24355647885974,543.6941762682733,157.04213548756834,114.065
59.13651492973345,26.27866003357361,44.082792534033125,35.381514492381214,33.0354605109987,36.66578399104343,46.83363461731265,111.915
22.110272200710977,15.96538012784886,51.593356259270834,49.41481712893739,28.13899434310041,65.20184239613414,45.58233944476838,20.9
105.05596223435153,88.11853707522464,134.31547133826862,139.48915834237803,132.14796875790285,52.14505654396692,157.1676751069246,5.037034612554048
47.78440707932114,189.96417365861345,216.7996209003949,78.91748905607602,102.8156299612025,94.47931662833771,68.19486189661508,5.476803002948774
164.2028119163425,127.0614480126752,138.5877560427516,53.63631853465888,82.25917338256168,55.512006039889734,85.50793200528646,48.27737830163511
81.16685076130483,192.32761007022043,108.49492466718105,156.8302497798165,173.19316297048996,77.7664545208522,367.6001251193848,64.8630254234834
78.77406253706656,62.37411260311348,73.1277435664078,48.671587583346785,78.33741254803878,59.47012855281557,77.9725476555567,83.51274473485864
124.76407974476959,304.4257421055646,84.69555079396329,90.06224204102323,117.58959487069114,117.08417606041233,98.61290490226858,18.4197249650762
25.85035325272464,304.4257421055646,61.79794698623403,36.639257728391655,32.44350639783644,117.08417606041233,34.69700147773836,79.92891081890107
67.5118618974808,53.018263759827015,85.89820479086411,96.99537061571382,70.63081741573563,98.06022085038165,50.882976159638275,115.17766821871307
38.10446555130532,54.23949407601405,52.47192530499924,56.04418538762332,44.085008477822356,52.096966259898224,30.840234514544605,82.13321017989549
58.693664168431106,37.635934652157694,69.30731818709387,62.895380725123346,57.270104680896004,65.00558225937458,39.83186423551349,72.27899786701742
36.016048795153324,23.587325076216896,64.62102391490616,59.13232677601874,31.292723440591377,64.80773644462833,19.750224855585355,24.381416355288952
78.03932551829502,130.66718530109375,76.70141827282323,91.57332355266051,154.06947954251598,118.37113187126727,51.453848803451194,82.87175145374292
71.65389807975815,55.43889949877531,72.86765059215989,105.25955922339521,58.12037014064157,113.825470656853,62.81494349462404,24.8164386908939
41.09598039578153,83.13368703671117,34.14954896743901,35.12302150300359,50.844409509537975,25.692227639654863,37.52563919481941,2.4165488226013103
15.55748323882039,5.8472776815243295,17.462232820721656,9.97526580606182,6.431131124646802,22.027500826375807,26.858132633777355,48.48133174878513
27.87173572512555,15.034964749843551,30.850373344478776,29.50278818874605,29.531103009579933,40.1850417590499,28.221601535228267,2.4165488226013103
5.479327883435125,3.059865702661112,13.587752788019076,5.941148612478089,3.31535297819748,6.4256368582062535,4.252665752687413,6.23184133072953
85.90130075642172,64.13174614370713,84.77176823080681,77.1356206348314,77.45528286228841,114.67993361632165,78.8382238104001,60.221049273341094
60.42065932785186,50.90663438694202,63.46140414247752,61.70960282841173,57.29043747100363,61.07396481706293,50.86237622473798,49.599940583199384
68.44297276417001,65.25335482254891,59.79299252250731,50.15727433334505,90.39963554821617,80.8105687848735,66.86509942582951,96.14773581024359
35.466729632816524,6.965610041238931,73.11098210598779,31.1095501024929,36.318705532421696,67.615124978512,28.034919197222294,87.0
57.07206226285552,8.967582858053284,47.924596569990044,33.565789392622655,31.117795803253426,39.49535126351931,56.70945446819306,80.78370718851657
63.49155620410244,90.44948139069209,76.35349039199087,95.44976118104938,39.72755750018906,54.59051644695368,64.15295411056705,7.368993450361592
34.09297581495119,23.572914092120758,57.13704086148094,37.38931653774249,41.27920732121954,37.613744942699306,39.544206760144704,6.675724640474618
26.68471677981733,49.74694314123653,51.614041946770605,46.913946813139646,27.094281424175403,42.13182205917228,31.157903498255973,154.97317410119877
25.85035325272464,46.966028886243876,78.1170855392201,43.11643394655423,32.585279640989384,34.550441312082135,52.24272301399341,97.99864122883588
26.68471677981733,49.74694314123653,63.58912603799286,40.815131875809776,27.094281424175403,31.809403051027893,50.86509343648786,72.19332762846973
1434.5502310902145,3684.6641611325435,634.3675745302103,906.5747772960302,1994.1122371350857,1174.5098704016189,2125.3403443167304,10.605451902859961
